IDENT	LATITUDE	LONGITUDE
ROXUG	50,314166667	20,7725
OSNON	50,609722222	17,949722222
LUGUG	51,386944444	23,003611111
IXOGA	51,366944444	22,460833333
IRGAM	50,761666667	21,781388889
INGES	52,101388889	23,513888889
GIMAP	51,219166667	23,095833333
DOGIG	50,823611111	22,086111111
ASDAG	52,227117556	20,702095444
ARSAP	52,228055556	14,7125
XIGRI	52,510833333	14,613611111
OSKEX	51,089444444	17,569722222
MAVOT	51,83	17,231111111
XESNA	52,425833333	22,295833333
AGODU	53,944444444	16,116388889
ATMIR	52,787777778	17,463333333
BINPO	51,669722222	16,616666667
ELTUB	53,6725	15,4225
ETITI	50,395833333	21,219722222
ETNEL	50,840833333	17,156944444
GIVAR	55,026388889	16,302222222
LUVOD	50,229166667	19,094166667
LUXAL	53,915555556	16,543055556
MALOX	54,244166667	16,881388889
NIDIP	50,290555556	21,612777778
OSMOV	53,885555556	17,481944444
ORTEB	50,102222222	20,569722222
RAVAG	53,750833333	16,748888889
REPTU	51,444722222	15,986944444
RIVDI	55,194166667	17,072222222
RUDUB	50,973055556	16,067222222
SOGPI	50,769444444	17,563333333
UNVOX	53,514166667	15,526388889
URORA	54,260277778	16,4975
USALO	49,940277778	19,064722222
VEKON	54,0975	17,018333333
ABGEG	51,226388889	16,431666667
GUPMA	51,244444444	17,018333333
IPSOD	50,868333333	17,432777778
NIMOM	50,946666667	17,505277778
ATMEV	50,733055556	17,503055556
NAVDI	52,525277778	14,994166667
PEXAS	50,108158583	21,315721139
BIGLU	51,723055556	23,543055556
GEVNA	49,935	20,724722222
OBOSO	50,616666667	21,7625
GRUDA	53,521244444	18,781341667
GODMA	53,594401833	18,434370722
IPLAM	54,283564361	18,843597472
UVRIK	54,451944444	18,162222222
ATKUN	52,677222222	18,07
TEVGU	52,438055556	21,584444444
MEBIV	52,81	20,133888889
XANAR	52,467777778	20,726666667
BOBLU	50,399722222	21,909722222
DODOD	50,614722222	20,158611111
EKRUL	50,746111111	21,361111111
INDAD	50,074722222	21,268333333
ADURU	52,079166667	21,216111111
DOTEX	51,200277778	21,862222222
LULIN	50,578055556	21,129444444
MONOV	50,998333333	22,371944444
NATEV	50,868888889	22,171111111
POBIG	50,835	21,719166667
TUPUR	53,129722222	15,815
DEVEG	50,8575	17,510555556
MOKMU	49,939361111	20,14075
LAVPI	49,935611111	18,450805556
XEVBA	49,9395945	20,081400417
EMGAR	54,435277778	16,551944444
GOBRA	53,584722222	15,7025
SUSER	53,098333333	17,971388889
TIMSO	51,500833333	22,121666667
EKVAT	49,840555556	20,291388889
KARTI	54,299722222	18,208055556
XERTU	52,307305556	20,860083333
ARVAL	52,016277778	21,109416667
LUPOG	52,212555556	20,918194444
VIBAT	52,095609083	21,1804045
XOMBA	47,756625	18,061961111
AMIRI	51,91972222	25,88638888
AMSEV	57,67517419	8,80214791
VADIN	57,13777777	11,64388888
PR532	50,21217222	14,59672222
BUMIL	53,11991388	11,28606111
RAPOR	49,59138888	5,21305555
OTBED	53,28805555	0,03194444
NORKU	52,21555555	6,97638888
ARTIP	52,51121388	5,56908055
TELDO	53,37793611	13,66814444
POVEL	52,12837833	10,82777833
ERSIL	51,05058055	10,28660277
GOLOP	50,58576111	14,49573055
NIRGO	49,33094444	13,13221944
KONAR	50,44513888	13,06557777
REVMA	49,49722222	18,70027777
VALPI	49,02463888	17,95023055
RUDAP	49,24125833	13,26558611
BODAL	49,46410833	15,78270277
KOPAT	49,10637222	18,65445833
KEKED	48,52303888	21,29145277
KENIN	48,36152777	21,92730555
MALBE	48,82388888	22,375
TOVKA	48,27015588	16,92632111
PARAK	46,16393611	20,09429444
VEBAL	45,99138888	17,29666666
BUKOV	47,95166666	25,95833333
RUMUK	48,02666666	23,34333333
OBOVI	51,021388889	16,484722222
ALAMI	59,04777777	20,91583333
ARMOD	57,50072222	17,34613888
ASKOR	56,38277777	22,61277777
DEMOP	48,17472222	20,05694444
DENOL	51,98328055	8,67280833
GARLU	52,82903888	11,11805
GARSO	56,14611111	20,08222222
GUNTA	56,37138888	23,75555555
INROG	48,41472222	26,81277777
KARIL	47,79395277	22,44223888
KEDUX	56,21277777	19,57333333
LEDVA	48,72878888	16,78919444
LITKU	48,23053611	19,59851944
MADAG	56,38055555	12,01361111
MAREM	50,71546666	13,62883055
MIKOV	48,78474444	16,62100277
MOSON	54,66833333	31,04138888
NARKA	47,24846111	21,85993333
NISLO	55,4825	12,88472222
NORVI	55,74633333	13,33286111
PELUP	58,27883333	16,47791666
PITOK	48,32467222	20,37178333
PODER	51,61244861	8,68814383
RATIN	55,28	30,86138888
RISMA	57,04194444	11,97916666
RUSNE	55,23527777	21,43805555
SORON	49,76166666	27,85
TADUV	51,42990613	12,54817783
TAMEB	50,80782977	10,73012316
VENOM	55,485	13,12944444
XENTA	58,69144444	11,48272222
KOTOV	54,81347222	25,05702777
RAPET	50,19048888	12,33863888
ASKIL	54,50333333	31,08472222
OKG	50,06514722	12,40573888
KERAX	50,475	9,58194444
AMOSA	49,50955833	10,811525
ANELA	49,76876475	11,22460236
SONAL	54,87880377	12,78027469
LOKSA	55,75138888	9,51333333
MAREG	48,1904898	16,969088
PUSTA	47,15221666	18,74231666
BEMBI	50,07472222	29,93305555
TOBLO	52,96833333	31,35972222
ERIVA	56,36888888	24,63027777
BERIL	56,36305555	23,42638888
NILUG	58,81583333	17,88472222
SABAK	58,17655555	11,64272222
HLZ	52,36339558	10,79522055
BKD	53,03452438	11,54621547
GED	50,41194647	9,24916391
MAG	51,99498888	11,79430555
CDA	55,0015	12,37921111
DLE	52,25031955	9,88349325
WRB	51,50569666	9,11091425
TPS	47,49325833	19,44622222
AAL	57,10371944	9,99557777
CEL	52,58959166	10,029455
OKR	48,22386666	17,29032222
RARUP	53,64180341	10,67699952
OTPOP	51,965555556	19,575
LODBO	51,042777778	21,880833333
LEGNO	51,69	21,785555556
KOTEK	50,647222222	20,251111111
BABOT	55,17	16,690277778
BANUB	54,46185	14,297347222
BILRA	54,774608333	14,338830556
IRBOS	51,4425	19,844166667
NEGUV	50,914722222	20,115833333
NETAB	51,4975	21,911388889
OVBOR	51,104166667	20,019166667
POLON	51,8	19,656111111
RILAB	53,061111111	19,633055556
SUMAM	51,610555556	22,040833333
VAGON	51,308055556	17,114444444
NOLNA	54,362944444	25,098472222
DORER	50,46583333	27,20777777
OKROT	50,70694444	27,34888888
OSMUS	53,89472222	26,7225
KOMEN	53,37638888	25,00305555
PINUG	52,9275	25,69777777
BABUN	52,18138888	28,78138888
LOVIK	52,08333333	31,015
IRKAL	54,484	24,21997222
VAKAL	54,86972222	23,20805555
LISGO	56,13888888	25,57138888
BALIT	55,81027777	19,09111111
TIGNU	55,60361111	19,83833333
KOLJA	56	16,81466666
TESPO	56,33777777	17,22861111
NILEN	56,72897222	13,32183333
GUNPA	61	0
REPKU	58,80594772	10,60814061
FWE	52,41132955	14,13058969
KLF	52,01935205	13,56341327
HAM	53,68557533	10,20499713
DKB	49,14275355	10,2383043
RKN	52,13319722	6,76387777
SPY	52,54028055	4,85378055
VAKNU	50,474166667	19,150277778
XEVLU	50,09565	19,912805556
VAMPU	51,865833333	19,125
NORNO	53,776944444	22,789166667
SUBIX	52,379855556	14,585602778
VIZAN	54,65	17,647777778
XERPA	54,959166667	16,761111111
ZENIT	54,673055556	25,735277778
LAFAT	54,831111111	25,778611111
EEL	53,16390555	6,666675
OSN	52,20013566	8,28552058
KSC	48,68308888	21,24816666
NIT	48,29043611	18,05063888
NIROV	48,96638888	28,84916666
LAPVA	50,45638888	28,6925
SLV	50,18679166	29,57014166
MNS	53,88444444	28,02063888
VNO	54,63605555	25,29363055
ROE	55,06557777	14,75869166
SVD	56,16886111	12,57377777
TRS	58,93791666	17,50222222
TOR	59,16911161	10,25926641
ETIPA	48,7125	17,55444444
OSKOK	62,31965277	12,26220277
TURAT	53,80805555	32,14222222
DEVNI	57,21661111	13,92677777
GEVRU	60,74277777	14,32983333
ROMOL	47,73555555	25,0475
SIPSI	58,92402777	12,95777777
BUGOR	53,21666666	32,46472222
INSUV	59,92562222	11,11405027
PR912	49,95405	14,56237222
ARVEG	49,99899166	14,68395833
ALAMU	47,73685277	18,33013055
BADOR	47,57354166	22,10792222
ESEBA	60,01271158	12,392346
RONUS	56,09027777	20,49555555
BORAT	51,46638888	29,58666666
OTRIV	54,16361111	22,19777777
BARGU	53,99722222	21,25305555
NVO	50,822678528	6,63654025
SOMVO	54,11194444	19,74222222
UMVIT	53,38333333	20,66666666
IVDIR	52,83333333	21,75
BALAP	48,067997222	19,249952778
ABAKU	51,676944444	19,081388889
APTAS	50,911388889	17,695833333
BABKO	49,611666667	19,469444444
BAREX	50,894444444	18,738333333
BAVOK	50,002777778	18,195277778
DINOV	50,928611111	16,085555556
GODLO	51,003888889	16,504166667
KELOD	52,233888861	15,883333472
KUKAM	50,806111111	20,060555556
KURON	50,631666667	20,148055556
LUXAR	49,93	21,175277778
MAPIK	50,526111111	18,2475
MEBAN	49,455	19,646666667
NAVUR	51,013055556	19,911111111
NUDRO	51,165277778	17,325555556
NUMBA	50,375555556	18,108611111
OBOLA	52,194444444	16,211388889
PADKA	49,933883333	18,283269444
PEKOT	50,388333333	17,443333333
POBOK	50,583055556	20,218888889
SUDOL	50,653333333	18,411666667
UTOLU	51,896944444	18,8675
VAPOS	54,795277722	17,82666675
VELAX	50,488888889	22,520555556
VENES	51,148888889	21,910555556
DEXIR	54,224166667	17,448888917
ABSEL	51,926726194	20,525494139
AGAVA	51,581411	19,960744
BAMSO	52,335855417	21,909596222
BAXIS	51,808611111	18,863888889
BIMPA	52,374382583	19,774719056
DINVA	52,229783	21,064907
EREDA	51,848372556	20,634456722
EVINA	51,387777861	20,359999861
GILAL	52,026795333	20,547889889
INRAS	52,498986083	20,792182944
INSON	52,496944472	20,9580555
KUMUT	51,954229	21,390091
LIMVI	51,745	21,685555583
LOGDA	51,2844445	20,693888806
LOLSI	52,177463722	19,871387139
MAKUS	52,15277775	20,500833278
MAPIX	51,982108	21,292508
NEGEN	51,871873	21,069654
NEPOX	52,159179361	21,999186222
NETIR	49,694663889	18,708997222
NIMIS	52,258260472	20,962393472
NIPUS	51,652992583	20,399951611
NITKI	51,948924694	20,572298
OLILA	52,704444389	20,328333333
REBSO	52,271118	21,028803
RIKNO	52,105244	21,503629
SISLU	51,950257	21,307094
SORIX	52,695277778	19,819999889
IPRUX	49,495377778	13,223319444
EMBIK	50,208055556	18,103055556
AKAPI	51,92	16,472777833
ERNOX	52,026666639	16,020555528
SOXER	52,043837444	19,934983361
TIGTU	52,133286	21,405536
TISTA	51,748892194	21,147369389
XENOM	51,765981222	20,748480694
XIMBA	51,655833417	21,42777775
ADVAB	52,130613889	16,727133333
DOMOB	52,567277778	20,746388889
NILPU	51,952777778	17,175
EPOPA	50,368055556	17,799722222
KOSEX	54,12623025	17,536195
LUNUK	51,448888889	18,0575
RATOR	53,963664389	17,8804485
ULGIL	51,098611111	16,02
UVIVI	51,5875	17,883333333
GOVRI	50,107019694	21,031666667
RODEV	52,603388889	20,557555556
BITVA	52,346111111	21,086472222
XIBOL	51,806027778	20,488777778
DOPOX	52,290388889	21,121222222
TISEX	52,34375	21,15525
VADOL	51,289722222	22,1025
GATPO	51,420488583	16,860797056
ABIBO	53,1075	17,537777778
BAVGO	53,245833333	18,251111111
GOBNI	53,371388889	18,491388889
INTUN	53,1675	18,696666667
LUXUD	53,1125	17,265833333
NUDMO	53,144722222	18,452222222
KUXEN	52,407694444	20,198444444
IRLUN	53,750555556	18,614722222
OGDAV	54,801944444	17,998333333
OSLOG	53,765833333	18,753611111
VAGNI	51,238888889	15,984166667
DILMU	52,330277778	21,344944444
NIKMI	54,201388889	19,145
VIDEV	51,522055555	19,802527778
ADOXO	52,103111111	19,507222222
XENGO	50,267978694	20,464041111
UPMAK	50,690369111	19,723483833
ULNOD	50,300398833	19,770672555
ODSOB	50,386097194	19,032204389
MODGU	49,746240806	20,416106361
ERPOK	49,949948222	20,115311695
EMKUX	49,654222222	19,690555556
ERKEB	49,573430306	20,806947833
LOBMU	50,770874917	19,628441555
NOVGA	50,315112139	18,461692778
ETEDI	53,592222222	19,871388889
IXIXI	53,684444444	19,891111111
VEKAV	53,564444444	19,425555556
VADRU	55,6975	17,785555556
IVGOR	55,584444444	17,958888889
ARDUT	53,858055556	21,167222222
IBINO	53,562862667	19,980614444
LUSUL	53,825277778	21,283055556
NIVON	53,644722222	20,041666667
UDROV	53,260833333	20,833333333
ARGIX	50,945	21,972222222
GAVDU	50,841138889	22,069722222
LIBGA	50,825277778	22,211666667
EVEPU	51,901666667	19,606388889
ELPOL	54,606388889	15,633888889
ENOBI	53,592777778	23,629722222
ERGON	52,906111111	14,156666667
ETUBO	52,469166667	22,9625
GIGAL	51,078611111	16,491944444
GILAS	52,631666667	14,525833333
GINOK	52,526388889	16,478888889
GIPOS	51,698333333	19,71
GOLAD	54,333333333	22,175
GOMED	54,447777778	19,654166667
GOMOR	51,183333333	17,617222222
GONTU	53,495555556	19,318611111
GORAT	53,178055556	23,894166667
GORPI	54,916666667	15,655
GOSAK	50,557777778	20,304444444
GOSOT	54,805555556	14,857777778
GOVEN	52,058333333	14,755555556
IBEKA	50,027777778	18,941666667
IDEXU	52,697222222	17,036111111
INDIG	51,996666667	18
IPLIT	54,637777778	19,355555556
KELEL	49,313611111	20,175277778
KOLOB	54,823055556	14,944166667
KORUP	51,583055556	14,738055556
KULEK	53,552777778	20,5
KULUV	51,647777778	16,339166667
GITOV	54,368333333	20,698333333
ORSOX	50,319722222	18,537222222
ADADO	50,209480556	17,747930556
KUNER	55,258611111	18,448055556
KUTEV	52,214722222	20,924444444
LAGAR	50,795275	15,367088889
LARMA	55,274444444	16,501666667
LASGU	53,211111111	19,177222222
LASIS	51,407061111	14,961547222
LATAG	51,721666667	15,746666667
LATMI	55,448611111	18,167222222
LETKI	52,188055556	23,404444444
LOLKA	49,22	20,1
LOLKO	51,6925	15,935
LUBEN	51,224166667	19,9575
LUGOL	49,205555556	22,738055556
LUKOR	50,586666667	20,204444444
LURAD	50,191944444	18,574444444
LUSID	54,916666667	15,296111111
MAGAN	52,85	17,616666667
MAKOV	51,149166667	19,111944444
MAPEX	53,706111111	17,003611111
MIRVO	53,388055556	15,920833333
MISKA	51,185833333	16,934444444
MIXAT	51,488333333	18,008055556
MOKOS	50,507222222	19,356111111
MOLIL	52,592222222	18
EKRON	54,583611111	14,709444444
MOSIR	50,206944444	22,775
MOTAD	55,209444444	17,505555556
MYSKO	50,536388889	19,279444444
NAKER	51,496944444	21,580277778
NASOK	53,091944444	19,006388889
NATIX	49,926666667	21,383611111
NOMIX	49,939722222	18,923055556
NOSKU	51,168611111	15,871388889
OBALU	50,710833333	20,109444444
ODRAP	49,741944444	21,841111111
OLKIN	53,769166667	20,5
OLUMA	51,896666667	15,756111111
OSMAT	50,242777778	23,045555556
PENOR	55,638611111	17,161388889
PESEL	53,507777778	14,325833333
PODAN	49,412777778	21,439166667
POKEN	54,819722222	14,564166667
RANOK	54,912777778	18,958333333
RASAN	51,013752778	15,094666667
RASUT	51,145555556	16,259166667
REGLI	50,030277778	17,995555556
ROBOV	54,2625	15,055833333
RODAK	50,606388889	20,162777778
ROGAL	50,986944444	19,485555556
ROLKA	50,404166667	23,825555556
RONEX	52,9225	16,225277778
ROTOL	50,965833333	16,290833333
ROVEK	53,378888889	14,881666667
RUDKA	52,851388889	23,921944444
RUMAR	55,033611111	16,070833333
RUTUK	51,585555556	22,124444444
SABAB	50,770277778	17,899166667
SKAVI	49,940277778	19,9
SOMOR	53,226944444	19,35
SOTET	53,829722222	23,553055556
SOVAM	51,440277778	16,714444444
SUPAK	49,303611111	19,799722222
TADAK	53,2825	16,898888889
TELDU	50,248055556	22,737777778
TEPNA	49,504722222	22,656111111
TILAV	54,416388889	15
TOLPA	51,302777778	23,645833333
TOMKO	53,695277778	15,850555556
TOMTI	50,953055556	15,293333333
TOSPO	52,016388889	23,664722222
TUROL	53,858611111	20,5
UNDUK	53,576111111	17,976388889
UREKO	50,629444444	22,708611111
USTIL	50,833333333	24,1
VABER	54,194444444	23,406944444
VAGSA	51,333055556	17,555833333
VAREN	49,899444444	22,668333333
VAVEL	50,066388889	19,961944444
VELAB	51,469722222	16,748888889
VIBUL	54,341666667	15,274444444
XALUR	51,850833333	19,995277778
XELOL	54,2775	14,895
GOTIX	50,021666667	23,211944444
ASLUX	52,320555556	22,160555556
TOXAR	52,613333333	22,538888889
XELET	50,8375	17,125833333
NAROX	51,203055556	15,010555556
ROPIK	51,450555556	16,176666667
PEVUM	52,309444444	18,6575
ODLOT	53,496111111	17,403888889
OSKUD	53,7175	19,761944444
NAXAR	49,760555556	19,812500222
KUSUL	51,046388889	17,069166667
AGALU	51,471388889	17,385555556
GERVI	52,155277778	22,200833333
GIXOL	49,829166667	19,351944444
KUKOP	52,147777778	20,410555556
LEMBU	51,891455	21,357607
OKENO	51,569722222	18,593888889
OSTET	51,846861	20,942722
SOMOX	51,468055556	22,443055556
ASTEX	52,141111111	21,087222222
DIBLO	52,129722222	19,344166667
DOSIX	52,348055556	19,2275
GOGUS	51,58	19,633055556
NUBLI	51,358611111	19,887777778
PENEX	52,563055556	19,277222222
VEMAL	52,451666667	19,171666667
APSIK	54,666666667	16,666666667
ARPEL	54,1825	16,15
BAMOX	54,715555556	17,283333333
BETUP	53,198055556	20
BEVOS	51,163611111	21,238611111
DISEK	52,924444444	14,867777778
ERPUX	54	18
ABERO	52,227777778	23,208888889
ABEXA	51,604722222	20,921666667
ADIKA	51,538333333	21,329444444
ALUKA	52,899166667	14,306666667
AMROR	54,89	15,097222222
AMUTO	52,333333333	18,945833333
ARMEX	51,495555556	17,123888889
BABEN	54,388055556	15,241944444
BADNO	51,75	17,678333333
INKOK	51,616666667	16,556388889
NAPUT	52,906666667	20,559166667
PIDAT	51,293333333	18,483333333
VEDOX	54,366666667	16,65
BALBA	50,861666667	23,023333333
BALOS	50,275555556	19,658333333
BEDAM	53,739722222	15,192222222
BESOT	52,921666667	22,944444444
BIBKA	53,190833333	18,955
BINKA	53,759557889	14,275578361
BODLA	53,275833333	14,41
BOKSU	54,3075	23,059166667
BULEP	52,771111111	22,418888889
DELIR	53,080555556	17,113611111
DEMUR	54,08	15,007777778
DERAM	51,846944417	19,280833278
DESEN	50,270102778	17,51695
DEVEL	54,730833333	15,748055556
DIBED	49,888333333	23,058333333
DIMEX	51,630555556	16,128611111
DIPKI	52,202777778	17,462777778
DOMAG	54,974444444	17,685555556
EVODO	53,294166667	22,929166667
EBOGU	53,378888889	18,149722222
EGLON	51,416666667	21,984722222
EKSEK	51,128333333	15,610833333
ELKAR	53,698333333	20,5
ELSUM	51,943055556	22,438055556
OLKOL	50,782222222	22,9
ABAMI	51,424948917	7,280598444
LENOV	49,336388889	21,010277778
GAWOR	49,142222222	22,281388889
KEFIR	49,351944444	21,923611111
SKARY	49,444722222	18,976666667
IVNER	51,118055556	23,857222222
BUNOS	54,989444444	18,181666667
ABSAG	52,81222222	14,22472222
BEZMI	54,387222222	17,406666667
REGTO	49,403611111	20,664722222
ODEGU	49,414541667	10,661902778
KOPRY	46,240391667	16,962769444
LARET	51,834431361	10,869346583
GOBAX	51,556622278	12,7841305
TAKET	48,97	27,841666667
UNBEK	51,424722222	20,015277778
UTEVO	50,20992777	17,51191388
OGVET	50,883333333	22,477777778
RETSU	51,416666667	23,490833333
DIDPU	52,58869475	16,451182583
NEPSU	52,563946639	16,581583972
GUBNU	52,413838889	16,362392111
SUTIK	52,533888889	21,401666667
ORBUZ	52,490833333	21,438333333
SEZIN	51,191111111	17,914444444
LUXPU	51,155555556	19,693611111
GIZCA	53,754722222	17,498055556
EZAZI	53,449444444	20,125
EVDEX	51,946238917	20,444616556
OLBIL	52,133472222	21,081805556
XELTO	52,211788528	20,927005167
MULZA	52,259261111	20,657161111
MIPLO	52,256111111	15,591944444
DILVI	52,169166667	15,459166667
USEGI	50,935277778	22,675555556
OKEKI	52,389183694	16,492326306
RERMU	52,425006944	17,297587194
REKRA	52,225186139	17,334797917
NUNBI	52,363380639	17,122232111
GOBSU	52,288899222	17,011866667
OLBUV	52,250764833	17,205799278
LUNIP	59,183441667	11,3153
DEKUT	53,116111111	17,035277778
OBOKU	52,252222222	18
ELSUP	52,54	15,411388889
BAREP	52,271111083	15,5644445
UBOMI	52,519722222	15,671388889
OBELI	52,476574083	16,536868611
ELVOT	50,611725	16,409208333
ENORU	50,340238889	16,370230556
EROKA	50,09705833	13,69071666
UPLAV	49,32285277	17,52839722
DP417	51,663811306	12,557744861
VUXDU	53,24	15,029166667
PIKFI	53,9175	14,823333333
SOPUK	51,3	19,083333333
OKSOV	54,691388889	18,330277778
OKSIL	54,4625	18,705555556
EVMIL	51,677222222	18,763055556
NIVNO	51,510277778	19,672222222
ENUBU	51,486944444	18,680277778
PEXUL	51,381666667	19,612777778
VALKO	52,071344444	3,839830556
ODVIL	51,839444444	3,864166667
NIMAB	51,625972917	12,0574265
EMLES	53,2725	16,468333333
ERUNI	52,4375	21,737222222
GINEX	51,463333333	22,359166667
IRBON	51,413888889	21,59
DEMET	53,84472222	19,19138888
BERNU	54,13666666	19,13833333
GOMEX	53,734444444	15,242777778
IRGET	53,669722222	14,614722222
MASUN	53,636666667	15,276666667
DOSAL	53,398611111	15,392222222
PIXOR	53,288611111	15,476388889
VAVUN	53,475305556	15,333027778
FARCU	53,893888889	14,212777778
ZOCEK	53,44425	15,173361111
ORBOF	53,722333333	14,63325
SEFIF	53,595416667	14,8815
POZUM	51,716380556	14,681586111
LAJQU	53,411111111	16,066388889
LOZON	53,640277778	28,126944444
REGLU	54,860333333	24,456583333
ROBEG	52,2336155	9,269619861
KOMIB	50,073355556	10,242708333
HMM	51,856865972	7,708295167
ARSOG	49,990555611	22,699722083
KONZI	50,566111111	20,617777778
GUWEN	52,5	22,058333333
UVOGE	52,733333333	20,9
TACEV	52,908611111	20,358333333
MEZPO	52,799722222	21,344722222
DUCGO	52,75	20,616666667
SUFLU	51,869722222	20,111111111
VIKAH	52,986388889	23,180833333
NAZUD	54,111111111	23,067777778
KEZDO	53,546111111	15,584166667
DIFUS	53,863333333	15,269444444
PAVZA	52,533527778	20,631138889
AQALE	52,5	21,183333333
BUWAS	52,179722222	21,785222222
KEWLU	52,5125	20,3425
VAWKU	52,201666667	21,308055556
VIXLO	51,572055556	20,253833333
NAHPA	51,962138889	21,040222222
UPKOF	52,42225	20,769305556
EHETE	50,016555556	19,351888889
BAWZI	50,137138889	20,217916667
OFFUK	50,119944444	20,091194444
AKFAG	50,035194444	19,378055556
AJWER	50,150555556	20,180555556
IMNAZ	50,034583333	19,478055556
EZWOP	50,476166667	18,644277778
AKNUC	50,462666667	18,676333333
PABWO	50,474222222	19,512694444
AJPIF	50,456944444	19,480055556
DUFSI	52,033333333	17,653333333
MUVQE	51,851388889	17,421111111
OLLEW	51,787222222	17,578055556
UPCET	52,709722222	16,911388889
OVCAB	52,557222222	18,183333333
ONZIL	50,476388889	18,774722222
TOZIZ	50,475	19,382222222
ARVUD	52,4425	18,18
DAHOW	51,78	22,012222222
EMFED	52,562222222	17,560277778
ERZAR	53,940277778	18,731111111
FAFEN	52,089444444	18,372777778
FEZUM	52,221388889	22,193611111
FOJGO	51,656944444	21,538055556
GIRUZ	53,866111111	19,640833333
LOFOX	53,586666667	16,080833333
RORME	53,985	15,620555556
ROZAT	52,067777778	21,625833333
SOWEX	51,415833333	21,85
XECKO	53,158333333	16,285833333
ZULCU	53,841388889	16,398611111
EVNOB	54,264970976	18,184625952
UGNUR	54,606153	18,272995194
UVRET	49,891359861	19,743296555
ASGID	49,864945556	20,553728167
IVMEM	50,195362111	18,612410777
LIGDI	50,300712028	19,553510889
INPIV	50,465316305	20,045577945
ELVEP	50,299861472	19,16127425
INSAB	50,289672778	18,853338111
RAVAD	51,424027778	21,422916667
TUFIM	51,616666667	19,372777778
ARFEP	51,565555556	20,445277778
DEBZU	52,037777778	21,096388889
DUTFU	52,2625	21,340277778
EDIZE	52,171388889	21,271666667
EMCEL	51,685555556	20,909722222
EXFOR	52,217777778	20,605555556
DUDCO	52,500555556	17,795833333
EKTIZ	52,417777778	18
IRCEN	52,250833333	17,588333333
PULWI	52,738055556	16,919166667
PUMQA	52,482222222	16,811388889
SUTQO	52,651666667	16,972222222
TITQE	52,0325	16,303055556
UBZAZ	52,085277778	16,331388889
UVCOV	53,161944444	16,446111111
ODMIQ	52,722777778	17,002222222
FILOZ	52,071111111	20,978611111
ENZAM	52,201388889	21,554722222
FALNE	51,8575	19,630833333
FOLFA	51,776944444	20,9575
IMWEG	52,562777778	20,9475
KACBU	51,614166667	21,182777778
VECNU	52,585277778	21,197222222
ZIXNE	52,360555556	21,442777778
HALFI	52,378611111	20,687222222
INZUB	52,491388889	20,5175
KINFU	52,3075	20,996944444
KITEQ	51,983888889	20,9725
KUGEB	51,986388889	20,783611111
LUHSA	52,39	20,884444444
LUWSO	52,231388889	21,246944444
MAWBI	51,883333333	20,869444444
MENCI	52,388611111	20,697222222
OFIFE	52,363611111	20,475833333
PATFO	52,449722222	20,670277778
ROMQI	52,188611111	21,339166667
SERFU	51,938055556	20,969166667
SOFUZ	52,1525	21,131111111
VEKPE	52,032777778	20,928611111
ZEBWI	52,224444444	21,474444444
NEHIM	53,959444444	15,227777778
APNEZ	53,260555556	15,283333333
OBDEJ	53,936388889	15
ZAWIK	53,301944444	15,526388889
UBEPE	49,958888889	21,326388889
KIKZA	49,991111111	21,4975
EPLUZ	50,299166667	22,326666667
SUWGI	54,069722222	22,900277778
FORFE	53,222222222	15,586944444
XENIS	52,494111111	20,892916667
BADUP	52,059166667	17,421111111
BESTO	51,73	17,398888889
VABAT	52,543265083	16,193606389
XIDNA	51,700000056	16,997500056
DENKO	52,81685	15,832491694
TENVO	52,231694417	17,774199972
MASIV	52,012481056	17,856630306
OLDOX	52,308888889	17,636388889
IDMAV	52,318055556	16,466388889
BANPI	52,466785389	17,085075611
ETABI	52,293827889	16,443930306
BAISA	52,651404167	16,626526556
ACTAF	52,660833333	16,241111111
CELWO	52,355	16,895555556
YUMME	52,02	16,8275
YODQA	52,658055556	16,455277778
DISBI	52,066388889	22,978055556
EKBUT	52,863888889	15,004722222
ELGOX	50,564722222	18,300833333
EMGIP	52,605	18,574722222
ERPAB	52,635	18,319166667
ERMIV	51,811944444	20,738333333
EVGAG	51,906388889	15,2525
EVGUR	51,306111111	19,6125
GESDU	51,810833333	20,503611111
IRDEB	51,810555556	21,892222222
IXURO	51,017777778	15,543888889
OLNED	53,165833333	16,6275
ORVOG	51,495555556	20,229166667
OSBUG	50,133333333	21,014444444
OTMAX	53,089722222	21,195
TUREC	47,965	24,583055556
EDEMU	48,174444444	19,808055556
OTPES	53,439444444	20,349166667
REMVU	51,165555556	15,2325
TITUV	53,191111111	22,0275
ULGOS	51,215277778	21,371666667
UNPEG	53,256944444	22,595555556
UPKIS	50,350277778	17,998333333
UVNUL	52,592222222	17,631388889
UVROB	52,566944444	21,021666667
VAGDU	50,872222222	21,364444444
VAXUR	51,809166667	22,098611111
XERBI	53,032222222	15,671111111
TITLU	52,554888889	20,755861111
OLMUK	50,700277778	16,942222222
PEPOX	53,244722222	16,622777778
ERLEG	52,013111111	21,100055556
GODIL	52,424694444	20,373194444
OGRAR	52,418166667	20,305972222
OSNUT	52,303333333	20,846388889
TEBRU	52,103748417	21,187011917
GOSIT	52,237681389	20,709403222
IBNUS	53,005277778	18,601388889
OGRES	54,010555556	17,015277778
UNELO	52,959166667	19,491944444
NEVAP	50,786944444	22,566111111
ADVEX	50,348333333	17,869722222
ARKUG	53,506666667	16,838333333
ASBIM	53,156666667	21,738888889
ASGUL	53,638611111	16,947222222
ASVEM	51,482222222	21,227222222
ATKEK	49,921666667	21,683888889
BAVNU	53,107777778	20,463333333
ELGEL	52,439508	20,880918
OTMUL	51,930756	21,018609
LUGEL	52,206798333	20,491146444
LUXIB	52,36028	20,641607
NEDNA	52,174972	21,112667
PIBAR	52,233952806	20,392420556
RILSU	52,257399	20,732663
SOSIN	52,123284083	20,792186861
SUBEG	52,380922	20,932514
SUPID	52,223328	21,744508
REMDI	52,299137305	20,817004528
AGESI	52,331392778	20,701618778
TABET	52,358616305	20,60243475
TUSIN	49,847494444	18,572836111
ABAPA	52,010007	21,194449
ADINI	52,009241	21,256274
BASEK	52,179495833	20,589989889
BATNA	54,916666667	30,836111111
OMAVA	51,383888889	21,688055556
ODRUX	51,698888889	21,363333333
ROMEG	51,5475	21,538055556
KURAV	51,315833333	20,746666667
GODOS	53,249041667	3,429663889
HOZ	51,7667175	13,198955