IDENT	LATITUDE	LONGITUDE
LB361	51,22125	22,582166667
SY372	53,539694444	20,970111111
SY808	53,541027778	20,971277778
WA699	52,024055556	21,090555556
WA799	52,236916667	20,712277778
LDD5	51,694091222	19,271095417
LDD7	51,734687528	19,456918778
MO847	52,611691472	20,366414694
MO806	52,454361111	20,704805556
MO804	52,500490704	20,284554857
MO803	52,489880197	20,176863203
MO802	52,479257974	20,069205795
MO801	52,397101782	20,090975808
MI08	52,428574972	20,413712472
WDER8	51,098961111	16,897958333
WDER7	51,108802778	16,865825
MO831	52,548022805	20,785080528
MO832	52,330351611	20,3287265
WFI3A	52,035229278	21,080841111
MO852	52,308968083	20,197697333
MO851	52,32197625	20,330892167
MO853	52,420935361	19,996969139
MO856	52,432660555	21,1692715
MO854	52,509209667	20,991464055
MO866	52,46634875	20,814020055
MO864	52,520878583	20,660533778
MO362	52,324936722	21,027768917
WA756	52,129141555	20,376624278
MO846	52,611691472	20,366414694
LL711	51,735916667	19,126
AEPJS	50,944125	15,766905556
WFI1A	52,227385445	20,746466445
WFV9A	52,107615784	21,14485551
MO809	52,302008194	20,143131277
MF08	52,434811481	20,443468382
WA571	52,328888889	21,442222222
WA754	52,159690329	20,332986109
WA708	52,187773048	20,658814851
WA664	52,078965704	20,316113697
WA666	52,033807789	20,309336845
LDER7	51,7236695	19,406319361
LDER5	51,716222278	19,372188861
PDER0	52,418175023	16,841094416
PDD0D	52,375130434	17,062557137
PDER8	52,424958333	16,806005556
PDD8D	52,465487194	16,595426076
MO934	52,489861444	20,06884475
MO933	52,505078722	20,500547528
MO932	52,585908472	20,916470444
MO931	52,605912722	21,02081825
MO929	52,625810444	21,125182667
MO928	52,546375	21,165892305
MO927	52,526583333	21,062055556
MO926	52,506611111	20,957944444
MF26	52,486573555	20,853917861
MO936	52,438882926	19,938871239
MDR8A	52,451678972	20,670352876
MO821	52,465100958	20,814344868
MO822	52,53354782	20,796499973
WA698	52,253585139	21,695164333
MO938	51,558519696	21,181856984
MO937	51,618761224	21,27218565
MO999	51,773430204	21,505134859
MO941	52,310884609	21,308014828
MO997	52,475067143	21,120734381
MO816	52,596312156	20,944152545
MO817	52,561784318	21,048001008
MO859	52,382858536	21,277873459
MO818	52,259648018	21,024047712
MO861	52,163474777	20,827672668
MDR8B	52,452927778	20,670038889
GDER1	54,371266667	18,491716667
GDER9	54,381066667	18,45205
RDER9	50,109725	22,036516667
RDD92	50,109215048	22,074068387
RDER7	50,110188949	22,001544309
MO841	52,563168722	20,0207105
MO951	52,405091972	20,409954889
MO943	52,390861972	20,330128333
MO944	52,236006806	20,193077361
MO946	52,418481611	20,805470222
MO947	52,423954	20,943300389
MO956	52,203422861	21,241453056
MO948	51,884004056	21,516163528
MDER6	52,449511111	20,633694444
MDD6	52,445917778	20,595603556
BY801	53,074333333	17,714333333
BY802	52,991972222	17,733916667
BY623	53,121777778	18,279166667
GD402	54,311138889	18,733527778
LB374	51,255166667	22,818416667
WFV5B	52,281305556	20,865805556
WFV9C	52,114157583	21,150138889
WFI3B	52,035124833	21,080931833
WA501	52,104611111	21,020472222
WA513	52,264	20,874972222
WA522	52,149027778	21,021833333
WA514	52,102694444	21,025472222
WDD1	52,148331611	21,029074278
DER	53,098358333	17,996152778
BDD85	53,104020639	18,063796361
BDD87	53,102406722	18,044467806
BDD6	53,089544472	17,891786556
BY823	53,106611111	17,58325
BY822	53,063777778	17,691833333
AEPEK	53,807222222	22,540833333
AEPZK	51,360480556	18,822422222
KK383	50,033666667	19,471694444
AEPKH	54,050222222	16,279594444
AEPZD	52,440833333	17,001944444
AEPHK	50,055277778	19,975277778
MO836	52,687416667	20,760833333
MO834	52,571555556	20,710638889
KK597	50,148055556	20,299111111
GD443	54,477166667	18,062583333
GD852	54,273	18,888
AEPWP	53,139444444	16,779166667
AEPPY	50,006611111	18,962
AEPSA	49,57575	22,202138889
AEPSI	51,535611111	18,801333333
AEPWH	51,565	15,591111111
AEPWE	51,560833333	15,585
AEPBA	49,804997222	19,002019444
AEPBB	53,668055556	21,254722222
AEPBC	52,269183333	20,907216667
AEPBK	53,101388889	23,170666667
AEPBO	53,951111111	17,947777778
AEPBY	53,096802778	17,977669444
AEPCD	51,081944444	23,437391667
AEPCE	54,4162	17,763302778
AEPDA	54,404783333	16,353061111
AEPDB	53,524444444	17,258333333
AEPDE	51,551111111	21,891944444
AEPDR	53,474805556	15,737891667
AEPEL	54,140886111	19,42335
AEPGD	54,377569444	18,466222222
AEPGE	53,983366667	22,402125
AEPGI	53,524419444	18,849325
AEPGL	50,269416667	18,672791667
AEPGM	54,005691667	21,820525
AEPGO	52,184425	21,281338889
AEPGR	53,608055556	20,344444444
AEPGY	52,836975	21,777636111
AEPIN	52,806341667	18,285788889
MO994	52,480638889	20,967527778
MO992	52,455444444	20,696944444
LL721	51,670416667	19,163444444
LL731	51,692611111	19,264416667
LL751	51,759138889	19,568555556
LL503	51,695083333	19,274861111
WR393	51,006333333	17,198472222
WR392	51,036444444	17,101333333
WR391	51,047444444	17,065777778
WR604	51,222515667	16,491401222
WR603	51,186444444	16,610805556
WR602	51,148138889	16,736972222
WR601	51,13725	16,772694444
WR493	51,186472222	16,610833333
WR492	51,148194444	16,737027778
WR491	51,137333333	16,772777778
WR703	51,007611111	17,194138889
WR702	51,036333333	17,101388889
WR701	51,047333333	17,065777778
WDER1	51,098961111	16,897958334
WR802	51,052621917	17,048684583
WR803	51,354700361	17,210297472
WR811	51,299644878	17,596924753
WR841	50,881323814	17,444844274
WR801	51,069778404	16,992989793
WR821	50,905159533	16,865892058
WR822	50,970895614	16,651135205
WR823	50,873854028	16,57712904
WR824	50,546818334	17,163839111
WR609	51,466551222	16,828704278
WR608	51,351890139	16,735883611
WR607	51,268907083	16,674162694
WR606	51,30504125	16,554591111
WR832	51,031455307	16,353746191
WDER2	51,108802778	16,865825
WR902	51,202546325	16,557578705
WR903	51,371719922	16,705952144
WR904	51,258167471	17,078326552
WR612	51,489599833	17,398464028
WR611	51,46883925	17,297136583
WR901	51,123642833	16,817290611
MO884	52,411527778	20,142194444
MO882	52,429333333	20,37175
MO881	52,432444444	20,412277778
WR621	51,134849806	17,112646889
WR636	50,713047944	17,357740694
WR634	50,950961083	17,047788194
WR633	51,02388825	16,810684111
WR632	51,103948417	16,547672917
WR631	51,13995625	16,428435056
WR642	50,938857444	16,422075972
WR707	51,422585	17,161525361
WR706	51,052915444	17,376776944
WR704	50,970830222	17,312455028
WR712	51,315555556	17,5525
WR711	51,20992025	17,481562778
WR722	50,845451139	17,744343917
WR721	50,933913944	17,430573361
WR732	50,657355528	17,541827222
WR731	50,851863944	17,366322611
WR743	50,912036028	16,490595833
WR742	50,925446944	17,130218944
WR741	50,888716	17,248363667
WR754	51,174103389	16,233645778
WR753	51,088802583	16,558481583
WR752	51,058898056	16,695842944
WR751	51,022627833	16,814676944
GD421	54,325726513	18,675125128
GD411	54,343324656	18,604428989
GD422	54,483244879	18,787053638
GD423	54,637427861	18,140236917
GD511	54,426270756	18,26815885
GD512	54,349586775	18,213053084
GD513	54,314155484	18,357354033
GD514	54,338041228	18,601640155
GD521	54,594553573	18,089630335
GD531	54,128239528	18,362984917
GD532	53,839082722	18,556274868
GD823	54,670139333	18,163746167
GD822	54,528662806	18,217147611
GD821	54,560663361	18,085226389
GD803	54,483891083	18,030331167
GD802	54,425555556	18,270944444
GD801	54,415916667	18,310388889
GD831	54,386396556	18,7943155
GD841	53,982058417	18,423299222
GD809	54,342861944	18,240193139
GD808	54,37515475	18,107462306
GD807	54,407008861	17,975747139
GD806	54,438680083	17,844001222
GD804	54,515618639	17,898382806
GD811	54,193511861	18,112020306
GD926	54,674320028	18,164555139
GD924	54,425404944	18,637759056
GD923	54,392749694	18,768862028
GD922	54,359953944	18,899760417
GD921	54,327018167	19,030453778
GD903	54,250686917	18,974097111
GD902	54,309581861	18,739804472
GD933	53,940498417	18,761890639
GD932	54,120948556	18,770623972
GD931	54,163308083	18,601557278
GD909	54,239812722	18,657119833
GD908	54,207133028	18,787628833
GD907	54,174313694	18,917935167
GD906	54,141354667	19,048038444
GD904	54,217670028	19,1043925
GD912	54,192132611	18,17341425
GD911	54,219952639	18,453147056
LL501	51,776086389	19,624805555
LL712	51,87216225	19,570835556
LL702	51,801989667	19,248106916
LL701	51,774185083	19,121618305
LL706	51,723497858	19,292776159
LL704	51,852610857	19,076601984
LL703	51,880463301	19,203282554
LL526	51,874350022	19,569603359
LL524	51,896222345	19,671243417
LL522	51,797911894	19,726251172
LL528	51,691992235	19,643489625
LL527	51,719241159	19,770087672
LL523	51,819649663	19,827794182
LL601	51,694095781	19,271116259
LL602	51,772579811	19,226438455
LL606	51,79474422	19,327664534
LL608	51,779422826	19,542125643
LL603	51,788175197	19,084716687
LL604	51,943621814	19,46326994
LL801	51,756657764	19,558191291
LL802	51,857193921	19,501568061
LL803	51,877047235	19,191820857
LL804	51,698189435	19,727607915
GD952	54,311166667	18,733527778
GD951	54,321	18,694305556
GD441	54,320944444	18,694277778
KK703	50,096155694	19,276543333
KT759	50,561569639	19,353629167
KT752	50,061860083	19,688821917
KT549	50,269579028	18,774955472
KK801	50,097951917	19,930815528
KK802	50,247060028	19,934902028
KK808	50,170518361	20,467187111
KK611	50,317848889	19,768588639
LL401	51,847222222	19,182777778
LL402	51,919166667	19,573611111
LL403	51,943888889	19,818888889
LL404	51,673888889	19,696666667
KK363	50,0955	19,912833333
KT873	49,711694444	20,488055556
KT874	49,588166667	20,559166667
KK621	49,858833333	19,576833333
KK622	49,76	19,792222222
KK623	49,653944444	20,054916667
KK624	49,586666667	20,220194444
LL532	51,748611111	19,521027778
LL531	51,760666667	19,57675
WA728	52,114166667	21,150138889
WA612	52,261555556	20,883166667
WA613	52,281305556	20,865805556
WR653	50,985638889	17,264805556
MO998	52,470583333	20,85975
MO823	52,428583333	20,413722222
WA609	52,030694444	20,953222222
WA608	52,063416667	21,034666667
WA607	52,166833333	21,197555556
WA602	52,153194444	21,011833333
SY367	53,306777778	20,840111111
AEPZW	54,278055556	22,537777778
AEPZL	52,6355	20,070222222
AEPNG	49,741444444	20,722472222
AEPKU	51,875333333	21,003083333
AEPKD	51,255833333	20,472777778
AEPHN	52,9075	23,543611111
AEPBI	51,6075	21,004166667
EPRUN	50,966666667	19,277222222
AEPIR	52,828611111	18,330288889
AEPJG	50,898825	15,785508333
AEPJL	50,008333333	22,918333333
AEPKA	50,896819444	20,731561111
AEPKB	52,319166667	18,167777778
AEPKE	54,049683333	21,426247222
AEPKG	54,200230556	15,6842
AEPKI	53,982916667	20,877111111
AEPKK	50,077730556	19,784836111
AEPKL	50,898416667	20,128694444
AEPKM	50,2383	19,033983333
AEPKN	50,529108333	18,085175
AEPKO	54,129666667	17,845305556
AEPKP	50,087291667	20,202863889
AEPKS	52,331933333	16,966594444
AEPKT	50,474252778	19,080019444
AEPKW	49,940836111	19,020825
AEPLB	51,240169444	22,713525
AEPLK	51,551666667	19,179058333
AEPLL	51,721880556	19,398133333
AEPLR	51,221802778	22,394555556
AEPLS	51,835019444	16,521838889
AEPLU	51,423008333	16,196158333
AEPLY	52,005	19,143888889
AEPMB	54,026555556	19,135625
AEPMG	53,824722222	21,318333333
AEPMI	53,395	16,082777778
AEPML	50,322275	21,462130556
AEPMM	52,195558333	21,655897222
AEPMO	52,451222222	20,651861111
AEPMR	50,959069444	16,7703
AEPNA	53,455	16,49
AEPND	50,423611111	21,796944444
AEPNL	49,745541667	20,623541667
AEPNM	51,627202778	20,535363889
AEPNT	49,462627778	20,050291667
AEPOD	53,772941667	20,414969444
AEPOK	54,579630556	18,517158333
AEPOM	51,702477778	17,846808333
AEPOP	50,633208333	17,781713889
AEPPB	52,534722222	17,215833333
AEPPI	53,162569444	16,712477778
AEPPK	52,433886111	17,044002778
AEPPL	52,562241667	19,721283333
AEPPO	52,421030556	16,826325
AEPPR	54,248055556	18,671111111
AEPPT	51,382569444	19,688522222
AEPPW	52,379166667	17,852222222
AEPPZ	53,009944444	20,933194444
AEPRA	51,388827778	21,211619444
AEPRG	50,070916667	18,628416667
AEPRJ	50,104163889	22,047055556
AEPRP	51,479011111	21,110033333
AEPRZ	50,109958333	22,019
AEPSC	53,584730556	14,902205556
AEPSD	53,392113889	14,633775
AEPSJ	51,9525	21,3525
AEPSK	54,408427778	17,095625
AEPSN	53,790555556	15,826388889
AEPSW	51,231052778	22,696611111
AEPSY	53,481858333	20,937691667
AEPTM	51,584444444	20,097222222
AEPTO	53,029211111	18,545894444
AEPWA	52,16575	20,967122222
AEPWC	50,8825	16,319166667
AEPWI	54,553333333	16,620833333
AEPWK	52,584616667	19,015494444
AEPWR	51,102777778	16,885833333
AEPWS	51,205855556	16,998186111
AEPWT	53,298611111	18,414166667
AEPZA	50,701808333	23,204255556
AEPZB	52,366338889	16,63175
AEPZE	52,322488889	17,040852778
AEPZG	52,138516667	15,798555556
AEPZN	51,626777778	15,405211111
AEPZP	51,978941667	15,463822222
AEPZR	49,771058333	19,218030556
KT398	50,476277778	18,764
MO833	52,457388889	20,717805556
KDER8	50,475960583	19,100138417
KT837	50,475379411	19,282978316
KT838	50,385370944	19,282102468
KT868	49,833303878	19,411456801
KT843	50,662584204	19,314472247
KT844	50,661143776	19,11465409
KT861	50,656373335	18,642849703
KT862	50,175455015	18,878700645
KT864	50,05440966	18,765209167
KT846	50,765959633	19,019374037
KT863	50,105979588	18,693859971
KT869	50,04714411	18,538360046
KDER9	50,476050277	19,059569445
KT644	50,476277865	18,874680628
KT662	50,341946583	18,872636908
KT668	50,221827116	19,194700655
KT648	50,656641831	18,696034661
KT651	50,654480923	18,503724971
KT661	50,131042581	18,241613584
KT649	50,732498667	18,670127456
PO506	52,542775	16,192433333
KT411	50,47675	18,751361111
KT373	50,408666667	18,626777778
AEPAR	49,658611111	22,515833333
AEPMX	52,666583333	20,428611111
AEPPD	54,215555556	18,339166667
AEPPN	52,723638889	20,420083333
KK599	50,057138889	19,637777778
KK606	50,138833333	19,61
WA901	52,180416667	20,914777778
WA902	52,179333333	20,835111111
WA903	52,19775	20,704
WA921	52,156972222	20,7105
WA931	52,218670543	20,87860687
WA932	52,265166666	20,799166667
WA401	52,126668945	21,001249972
WA404	52,095641306	21,167903056
WA403	52,013972938	21,04127113
WA402	52,035779729	20,924566825
AEPWL	53,47475	18,841416667
AEPBE	51,401472222	19,378444444
WA657	52,187279694	21,247758639
SY366	53,363737333	20,652816722
SY368	53,396555556	20,890027778
AEPPM	53,108722222	16,761138889
AEPGB	54,1975	18,0025
AEPPS	53,144972222	16,881972222
KT581	50,492083333	18,793694444
AEPWO	50,846638889	19,988805556
AEPGN	51,028055556	20,403055556
AEPMP	49,721977778	19,695941667
AEPRY	49,743694444	19,101305556
WA801	52,213089973	20,925687222
WA802	52,187987278	20,689239917
WA803	52,245527289	20,781171571
AEPMY	52,941258333	15,029822222
SY357	53,712681083	20,910489861
SY361	53,452995056	20,353831417
SY362	53,815197167	20,987086583
SY363	53,531539722	20,970273694
SY364	53,562372222	20,798923361
SY411	53,548795333	20,975237667
SY412	53,616429556	20,787130083
SY413	53,565927	20,44636425
SY414	53,471327444	20,407340583
SY416	53,681001	21,121812861
SY417	53,744679083	21,192812611
SY511	53,413990167	20,899757556
SY512	53,443680444	20,750110722
SY513	53,558921556	20,44063825
SY514	53,575173	20,823261306
SY516	53,61021025	21,151843972
SY517	53,545397444	20,973285639
SY791	53,442930833	20,427896222
SY792	53,554917833	20,603873278
SY793	53,816985639	20,928381417
SY801	53,73996475	20,873772722
SY369	53,324666667	20,850027778
SY371	53,396444444	20,89
SY802	53,693888889	21,058277778
SY803	53,605722222	21,00725
AEPWM	52,284916667	20,8685
AEPCH	52,783777778	23,426944444
LK528	51,370333333	19,318111111
LK521	51,462027778	18,890805556
GD941	54,321027778	18,693972222
GD901	54,319388889	18,700555556
WR762	51,222333333	16,492222222
WA532	52,122849	20,774673
WA704	52,221383	21,863961
WA511	51,904832	21,705068
WA512	52,063148001	21,724542
WA508	52,378599001	20,727945
WFI3C	52,030031	21,085352
WA573	52,161075	21,891151
WA594	52,165928	21,583796
WA537	51,793596	21,289382
WDER5	52,149363861	20,981438805
WA663	52,607693945	20,623944972
WA656	52,020333917	21,079920361
WDER9	52,171474917	20,946713778
WA791	52,346790833	20,773883639
WDER3	52,178572222	20,95590825
GRD9	54,381068472	18,452051389
WA444	52,464685889	20,079436472
WA414	52,337112167	20,348385861
WA413	52,309942889	20,44759025
WA412	52,282690111	20,546672389
WA411	52,25535525	20,645632944
FAP	52,227252722	20,746941833
WA442	51,888503	21,461355
WA452	51,983936	20,972377
WA617	52,458495	20,709278
WA616	52,399954	20,761155
WA614	52,341373	20,812846
FAF15	52,287525	20,877544
WA593	51,554947	20,886033
WA564	51,746621001	20,878978
WA536	51,852374	21,2389
WA534	51,911126	21,188275
WA533	51,969856	21,137517
FAP33	52,030031	21,085352
WFI1B	52,227252722	20,746941833
WA448	52,232544	20,397555001
WA618	52,517015	20,657268
WFV5A	52,285168056	20,878116417
EPTMN	51,657222222	20,160555556
EPTMS	51,474722222	20,006111111
EPTMW	51,601111111	19,921944444
EPSNW	53,736111111	16,35
BARDO	53,830555556	16,105555556
EPSNG	53,651388889	16,027777778
LEKOV	53,815555556	15,674444444
EPWAR	52,135041667	20,889558333
WA468	52,067949	21,227883
WA531	52,057649	21,026085
WA733	52,001492	21,544929
WA732	52,029689	21,446871
WA731	52,057717	21,34893
WA729	52,085668	21,250868
WFV9B	52,107654889	21,144739667
WA507	52,247465	20,57517
WA709	52,223529	20,721994
LB477	50,984111111	22,631722222
LB479	51,170527778	22,882083333
LB481	51,206916667	22,971277778
LB482	51,339805556	22,923722222
LB483	51,273388889	22,947527778
LB484	51,276388889	22,968
LB486	51,257944444	22,838
LB487	51,225722222	22,613138889
LB509	51,175	22,138333333
LB511	51,198333333	22,342777778
LB512	51,222222222	22,558333333
LB513	50,958055556	22,250555556
LB514	51,031666667	22,364722222
LB516	51,141666667	22,536666667
LB601	51,231222222	22,651277778
LB602	51,318083333	22,564
AEPRU	50,884819444	19,203005556
LB603	51,30425	22,455305556
LB606	51,077055556	22,559416667
LB607	51,060055556	22,359694444
LB608	51,046944444	22,208333333
LB611	51,217055556	22,553138889
LB612	51,245666667	22,377138889
LB613	51,280888889	22,264388889
LB701	51,257055556	22,831916667
LB702	51,2605	22,856222222
LB703	51,341638889	22,826888889
LB704	51,316055556	22,579027778
LB706	51,290333333	22,39575
LB707	51,250888889	22,16675
LB711	51,178166667	22,860305556
LB712	51,11275	22,683805556
LB713	50,980694444	22,548277778
LB714	50,992194444	22,350027778
LB716	51,005555556	22,112222222
LB717	50,909166667	22,220555556
SY373	53,300888889	20,836805556
SY374	53,301055556	20,835722222
SY376	53,396472222	20,889472222
SY811	53,345055556	20,861361111
EPKEE	54,011944444	21,583611111
EPKES	53,953333333	21,371388889
EPKEW	54,025555556	21,217222222
GD432	54,139676	19,049977194
GD444	54,249220583	18,619407333
GD446	53,939601861	18,616487833
GD451	54,260004833	18,326427389
GD541	54,442232806	18,202858833
GD542	54,350816444	18,137333611
GD543	54,287953361	17,833333528
GD551	54,283159361	18,25823025
GD832	54,449235667	18,541224639
GD842	54,190501194	18,247804917
EPDAO	54,358333333	16,515
BY832	53,098611111	18,457777778
BY831	53,020972222	17,676138889
BY647	53,046277778	18,324722222
BY646	53,006277778	17,851694444
BY643	52,991138889	17,450638889
BY642	52,994972222	17,71425
BY641	53,084555556	17,833277778
BY809	53,138277778	17,372472222
BY808	53,239333333	18,146777778
BY807	53,161277778	17,945277778
BY629	53,18225	17,994722222
BY814	53,110138889	18,138083333
BY806	53,084027778	17,826666667
BY804	53,140222222	17,698611111
BY824	53,121472222	18,161472222
BY819	53,080611111	17,827138889
BY632	53,093638889	17,847555556
BY631	53,105777778	18,170611111
BY634	52,986583333	17,866777778
BY633	53,085444444	17,843583333
BY637	53,112805556	18,169694444
BY636	53,022833333	18,301388889
BY627	53,186416667	18,411305556
BY628	53,204222222	18,260583333
EPDAH	54,4775	16,651666667
EPDAW	54,302861111	16,386
EPDAE	54,384722222	16,39675
AEPAA	52,119294444	20,869783333
AEPSB	52,182138889	21,28925
AEPBT	49,327047222	20,093675
AEPSL	51,231980556	22,690325
AEPRS	52,241944444	20,126944444
EPPIZ	53,193611111	16,65
AEPDK	51,612638889	23,007138889
AEPPA	50,244694444	18,0235
EPRUE	50,921666667	19,356666667
EPRUS	50,828611111	19,289722222
MO883	52,422055556	20,277194444
LB377	50,920361111	22,233111111
LB383	51,063833333	22,583611111
LB384	51,105416667	22,479916667
LB386	51,067527778	22,152805556
LB387	50,987083333	22,308027778
LB388	51,041111111	22,370916667
LB389	51,118277778	22,461055556
LB391	51,194833333	22,400472222
LB392	51,214361111	22,534361111
LB394	51,199305556	22,431111111
LB396	51,271777778	22,935972222
LB398	51,212972222	22,525027778
LB421	51,163666667	22,060527778
LB422	51,179583333	22,224527778
LB423	51,1905	22,338555556
LB471	51,171388889	22,086972222
LB472	51,212861111	22,418222222
LB473	51,306111111	22,563083333
LB474	50,919444444	22,276472222
LB476	50,950277778	22,444944444
AEPKR	49,677813889	21,74495
WA697	51,9205	21,180166667
RZ744	50,1055	22,32475
RZ752	50,103305556	22,459222222
RZ742	50,1015	22,569444444
RZ741	50,123027778	22,746472222
RZ729	49,957916667	21,429638889
RZ712	50,193555556	21,981444444
RZ709	50,017583333	21,394861111
RZ731	50,021638889	22,032027778
RZ713	50,188194444	22,329527778
RZ711	50,195361111	21,846305556
RZ461	49,993944444	21,316166667
RZ442	50,196861111	21,714611111
RZ441	50,305722222	22,01
RZ623	50,116083333	21,415444444
RZ532	50,188277778	22,325305556
MO996	52,521805556	20,262916667
MO993	52,437777778	20,50975
EPJSZ	50,883888889	15,811111111
EPJSW	50,938333333	15,909166667
EPJSS	50,829444444	15,707222222
EPJSP	50,963611111	15,645
EPJSJ	50,874722222	15,92
EPJSA	50,961111111	15,796388889
RZ491	49,911611111	22,176222222
EPKKD	49,856944444	20,141666667
EPLLS	51,690277778	19,443333333
EPLLK	51,728611111	19,810555556
EPRZK	50,246111111	21,786666667
EPRZT	49,972777778	22,033888889
EPSCN	53,601666667	14,964166667
EPSCR	53,651111111	15,066944444
EPWRS	51,075	16,883888889
EPWRG	50,989444444	16,834166667
EPWRN	51,125833333	16,903055556
EPRZQ	50,039166667	22,069166667
EPDEO	51,535	21,761111111
EPPTE	51,376666667	19,819444444
EPPTN	51,443611111	19,723333333
EPPTS	51,299444444	19,658611111
EPPTW	51,41	19,634722222
EPGIO	53,555527778	18,765722222
EPZGS	52,121666667	15,810277778
EPZGN	52,164722222	15,811944444
EPBYK	52,9725	17,722777778
EPBYM	53,223611111	18,036944444
EPBYU	53,207777778	18,378611111
EPBYW	52,976111111	18,099444444
EPDAG	54,44	16,373333333
EPDAJ	54,54	16,545
EPLKB	51,343333333	19,376388889
EPLKD	51,69	18,980833333
EPLKM	51,458055556	18,8375
EPMBS	53,986666667	19,156388889
EPMBG	54,141666667	19,008333333
EPMBF	53,913055556	18,886666667
EPMMS	52,15	21,666388889
EPMMK	52,113333333	21,585277778
EPMMM	52,107777778	21,827777778
EPOKL	54,605	18,248611111
EPOKW	54,790277778	18,408333333
EPOKK	54,769722222	18,160277778
EPOKH	54,610277778	18,798888889
EPPWW	52,34	17,556388889
EPRAB	51,247222222	21,238888889
EPRAS	51,310555556	21,252777778
AEPPJ	51,028833333	20,154694444
AEPSZ	51,223888889	21,862222222
AEPLA	51,223055556	22,551666667
AEPLP	49,697222222	19,098055556
AEPAS	54,291111111	18,425277778
AEPAH	54,291388889	18,429166667
EPWAW	52,156936111	20,949727778
EPMOH	52,549166667	20,501111111
EPMOU	52,429166667	20,654166667
EPKKK	50,05	19,8
EPWAX	52,108611111	20,830902778
EPMOV	52,394722222	20,540555556
EPLBJ	51,100833333	22,582777778
EPLBK	51,115833333	22,761944444
EPLBS	51,221666667	22,741944444
EPLBT	51,280277778	22,703888889
EPGDG	54,374444444	18,778888889
EPGDI	54,471111111	18,309722222
EPGDM	54,444722222	18,544444444
EPGDX	54,276111111	18,489444444
EPGDZ	54,325	18,183611111
EPZGC	52,031666667	15,626944444
EPZGD	52,158055556	15,52
EPLYD	52,100775	18,862141667
EPLYF	51,997752778	18,802677778
EPZGK	52,066666667	15,86
EPZGI	52,304166667	16,131388889
EPZGW	52,0975	16,095277778
EPZGZ	52,230833333	15,805555556
EPKKE	50,041944444	20,097777778
EPKKL	50,136388889	20,114444444
EPRAP	51,5375	21,398888889
EPRAR	51,403333333	21,088888889
EPRAW	51,250833333	21,079166667
EPRAM	51,366111111	21,490277778
EPBCK	52,091291667	21,237377778
EPBCN	52,217513889	21,097272222
EPBCT	51,970686111	20,833544444
EPOKJ	54,678888889	18,720277778
EPPWL	52,4125	17,8675
EPMMR	52,304444444	21,55
EPMMN	52,245	21,651111111
EPLLE	51,8	19,636111111
EPLLG	51,690555556	19,133888889
EPLLW	51,744444444	19,12
EPLLX	51,891666667	19,635
EPLKS	51,533055556	19,172222222
EPLKN	51,57	19,188055556
EPKRB	49,7625	21,684722222
EPMIM	53,482777778	16,345277778
EPMIK	53,298333333	15,905833333
EPMIL	53,458333333	15,945555556
EPMIT	53,193888889	16,154444444
EPKRK	49,665555556	21,610833333
EPKRI	49,605	21,806944444
EPKRH	49,670277778	21,889166667
EPODW	53,747222222	20,235555556
EPODN	53,835	20,475
EPODS	53,695833333	20,412777778
EPSKM	54,456944444	17,210277778
EPRZH	50,019444444	22,259444444
EPLBD	51,345555556	22,640555556
EPLBB	51,090277778	22,287777778
EPLBR	51,328333333	22,996944444
EPLBL	51,303888889	22,870277778
EPLBE	51,160555556	22,945277778
EPLBP	51,13	22,836944444
EPLBW	51,349722222	22,345
EPLBZ	51,177777778	22,528333333
EPZPA	51,966388889	15,533333333
EPZPC	52,002777778	15,416666667
EPLYI	51,976841667	19,375377778
EPLYP	52,006702778	19,543744444
EPLYS	51,956652778	19,181738889
EPLKX	51,5125	19,025555556
EPLKZ	51,465555556	19,218888889
EPRUW	50,9025	19,0675
EPZPN	51,997222222	15,466666667
EPZPS	51,922222222	15,444444444
EPZPZ	51,999722222	15,566666667
EPSYB	53,544444444	20,820277778
EPSYE	53,473888889	20,9675
EPSYW	53,501944444	20,898611111
EPSYZ	53,420277778	21,118055556
EPMOQ	52,377777778	20,186944444
EPLLC	51,731944444	18,953611111
EPSNM	53,810833333	15,861666667
EPSNS	53,700277778	15,818888889
EPMIG	53,370833333	16,427777778
EPZAS	50,750947222	23,240716667
EPZAZ	50,721827778	23,133688889
EPZAB	50,717922222	23,032702778
EPZAL	50,663219444	23,195447222
EPZAA	50,593813889	23,174497222
EPBCE	52,181666667	20,986111111
EPKTW	50,583333333	19,058333333
EPKTC	50,623611111	18,836111111
EPPOS	52,377777778	16,825555556
EPPON	52,465277778	16,859444444
PO927	52,403030889	16,356927583
PO926	52,350614	16,632163611
PO941	52,139783333	16,685307667
PO924	52,322350667	16,778927889
PO923	52,291059861	16,940073306
PO922	52,259576806	17,100852889
PO931	52,289951222	17,48858125
PO921	52,357502889	17,152108111
PO904	52,751197806	16,899281861
PO903	52,651661111	16,973101944
EPKKZ	50,109166667	19,779444444
EPBCL	52,333333333	20,883333333
EPSNT	53,758333333	15,538888889
EPRAN	51,443055556	21,2
EPRAK	51,273055556	21,460277778
EPBCA	52,0632	20,743219444
EPBCB	52,184288889	20,613872222
EPBCG	51,990702778	21,234702778
EPBCM	52,222725	21,249866667
EPBCZ	52,290386111	21,010869444
EPLLH	51,637777778	19,271388889
EPLLL	51,809444444	19,286111111
EPNCA	52,643058333	20,94165
EPNCB	52,533038889	21,081505556
EPNCC	52,488491667	20,923597222
PO902	52,560654917	17,03073625
PO901	52,387942361	16,996701222
PO651	53,067109833	16,848458389
PO641	52,342296861	16,18738075
PO661	52,0105295	16,503714194
PO603	52,501275611	16,40670125
PO633	52,074874889	17,555906389
PO631	52,265612278	16,591556806
EPPOC	52,511388889	16,740277778
EPPOT	52,453055556	16,98
EPPOW	52,375833333	16,62
EPIRS	52,731944444	18,269722222
EPMOY	52,58	20,773611111
EPKSE	52,211388889	17,285833333
EPKSK	52,331388889	17,171111111
WA409	52,22739	20,746486083
WA529	52,035211333	21,080849028
EPKKM	50,35	20,033333333
EPKKU	49,791944444	19,778055556
EPRZB	49,983888889	21,944444444
EPRZM	50,249166667	22,121944444
EPRZN	50,166666667	22,033333333
EPSCS	53,567777778	14,846944444
EPSCI	53,540555556	14,787222222
EPWRK	51,048333333	16,613333333
EPBCD	52,343333333	21,227777778
EPBCJ	52,377777778	20,916666667
EPBCF	52,260833333	20,735555556
EPCEI	54,496944444	17,494444444
EPCEH	54,504722222	17,639722222
EPCEG	54,552777778	17,836388889
EPCEL	54,470555556	18,034722222
EPCEK	54,350277778	17,903333333
EPCEJ	54,354722222	17,575555556
EPDEY	51,639722222	21,983611111
EPDES	51,523611111	21,866111111
EPPRK	54,321944444	18,776111111
EPPRE	54,251666667	18,981111111
EPPRW	54,235277778	18,476388889
EPPRP	54,118888889	18,767222222
EPPRR	54,148333333	18,904722222
EPPRS	54,185	18,6825
EPMIN	53,4125	16,099444444
EPMIS	53,368055556	16,081111111
EPMIW	53,276944444	16,463333333
EPDEB	51,5675	22,131111111
EPDED	51,548611111	21,692222222
EPDEP	51,411111111	21,928333333
ZG423	52,213611111	16,057638889
EPMLD	50,176666667	20,995833333
EPMLR	50,195833333	21,276944444
EPMLS	50,263333333	21,459166667
EPMLA	50,276111111	21,605555556
EPMLJ	50,382777778	21,458888889
EPMLP	50,4275	21,330555556
EPMLO	50,434722222	21,06
EPBCP	52,304722222	21,083888889
EPDAL	54,306666667	16,196666667
EPDEW	51,589166667	21,541111111
EPDEK	51,412222222	22,053333333
EPLKG	51,564444444	19,519166667
EPMBN	54,063888889	19,116666667
EPMBJ	54,1225	19,295833333
EPMBL	54,061111111	19,472222222
EPMBD	53,913888889	19,35
EPMIZ	53,525555556	16,005833333
EPMMG	52,269444444	21,912222222
EPOKD	54,531111111	18,375833333
ZG513	52,2494385	15,926952639
ZG512	52,262917139	15,703745361
ZG502	52,124426056	15,813393889
ZG501	52,1741505	15,984674389
ZG464	52,17844025	15,9361625
ZG463	52,112282306	15,708699778
ZG462	52,085102278	15,615967722
ZG461	52,161711972	15,556573389
ZG426	52,096453778	15,654652306
ZG424	52,178160417	15,934967
ZG422	52,290440361	15,998834194
ZG421	52,21617275	15,742672139
PO721	52,040784639	16,743514639
LB621	50,97325	22,573416667
ZG521	52,173450639	15,938402139
ZG562	52,115975361	15,727305444
ZG561	52,095027389	15,665864944
EPPRN	54,265833333	18,742222222
EPPWB	52,436111111	18,082777778
EPPWK	52,528888889	17,753333333
EPPWM	52,228888889	18,060277778
EPPWN	52,457777778	17,891111111
EPPWS	52,310833333	17,816666667
EPTME	51,527222222	20,226388889
EPSNY	53,943611111	15,619444444
REDLO	53,772777778	15,969444444
EPMOI	52,474444444	20,648611111
EPMOS	52,605833333	20,399444444
PO928	52,718210306	15,913019528
PO821	52,307535611	16,916361694
PO806	52,147144028	16,663355806
PO804	52,337664806	16,760983889
PO803	52,367587806	16,605404778
PO802	52,397307139	16,449609639
PO852	52,509598917	16,030703
PO851	52,503887472	16,140128889
PO843	53,056219583	16,872708083
PO842	52,674275167	16,608543361
PO841	52,572100917	16,538712722
PO833	52,725840528	15,900150194
PO832	52,621095972	16,159857694
PO831	52,580901444	16,258815444
PO801	52,484712889	16,494074806
PO712	52,368936167	16,470746472
PO699	52,406611389	16,900769306
PO612	52,235552444	17,162442722
PO611	52,34447425	17,219595111
EPLLR	51,638888889	19,498611111
EPLLY	51,748611111	19,35
EPSNN	53,885833333	16,011944444
EPSNP	53,765833333	15,819444444
EPMID	53,274166667	16,1225
EPPID	53,22	16,786944444
EPPIK	53,128055556	16,648888889
EPCDK	51,028611111	23,220833333
EPCDR	51,121388889	23,229166667
EPCDZ	51,018611111	23,370833333
EPDEL	51,739722222	21,674722222
EPNCY	52,58	20,773611111
EPKPT	50,11185	20,235633333
EPKPN	50,120408333	20,378936111
EPKPZ	50,053175	20,329375
EPKPP	50,021261111	20,151933333
EPWSD	51,18	17,192611111
EPWST	51,301611111	17,062722222
PO602	52,460689806	16,62010075
PO601	52,450732333	16,672091
PO632	52,210330056	16,875848944
PO702	52,369048806	17,093339917
PO701	52,379190139	17,041538111
PO743	52,779143528	16,367574139
PO742	52,738113528	16,919155639
PO741	52,651425	16,976812833
PO732	52,074573111	17,555916667
PO731	52,155692	17,156031083
PO707	52,271488889	16,556388861
PO706	52,201729167	16,917173861
PO704	52,312268361	17,380830111
PO703	52,337895389	17,251604472
EPSTP	50,579444444	22,119166667
EPSTG	50,5675	21,8775
EPSTM	50,665555556	21,867222222
EPSTL	50,698333333	22,083055556
EPDEZ	51,363055556	22,294166667
EPKAK	50,908552778	20,579836111
EPKAZ	50,974697222	20,660797222
EPKAT	50,841522222	20,641944444
EPKAD	50,801833333	20,806027778
EPKAW	50,845458333	20,857294444
EPGIE	53,438027778	18,944277778
EPGIG	53,610861111	18,946583333
EPGIM	53,483944444	18,739833333
EPGIR	53,523444444	18,955611111
EPWAN	52,217513889	21,097272222
EPPRJ	54,148055556	18,548888889
EPTMB	51,529527778	20,429194444
EPTMD	51,444861111	20,460305556
EPTMG	51,697222222	19,888611111
EPTMH	51,712277778	20,036638889
EPTMI	51,650361111	19,801833333
EPTMM	51,676833333	20,2195
EPTMU	51,400055556	20,185888889
EPTMZ	51,598472222	20,298277778
EPMIH	53,328888889	16,040833333
EPMII	53,366944444	16,338888889
EPMIO	53,441944444	16,166666667
EPMIP	53,340277778	16,245
EPMIV	53,443055556	16,2675
EPBYO	53,139722222	17,591666667
EPIRJ	52,856	18,199
EPIRN	52,894166667	18,316111111
EPLYN	52,052925	19,168586111
EPMMO	52,123888889	22,022222222
EPOKO	54,480277778	18,564166667
EPOKR	54,634722222	18,513888889
EPOKC	54,553333333	18,480833333
EPWAO	52,197544444	21,051686111
EPIRW	52,814166667	18,471666667
EPMOJ	52,377777778	20,916666667
EPMIX	53,492222222	15,860555556
EPRZG	49,983888889	22,401388889
EPBYN	53,176111111	18,056388889
EPBYS	53,0525	17,996111111
EPGDN	54,411666667	18,485
EPGDS	54,345	18,435
EPKTN	50,497222222	19,079166667
EPKTX	50,453888889	19,081388889
EPKTJ	50,671666667	19,205
EPKKI	50,15	19,633333333
EPKKS	49,983333333	19,816666667
EPKKR	49,910833333	19,412777778
EPBC2	52,259261111	20,657161111
EPWAL	52,333333333	20,883333333
EPWAE	52,181666667	20,986111111
EPWAA	52,0632	20,743219444
EPPBA	52,576111111	17,009444444
EPPBB	52,521388889	17,136111111
EPPBL	52,6325	17,428611111
EPPBP	52,479166667	17,277222222
EPWRR	51,155555556	16,958888889
EPWSR	51,155555556	16,958888889
AEPUL	51,615094444	22,087047222
AEPFP	52,479722222	17,768333333
EPWAB	52,184288889	20,613872222
EPWAT	51,970686111	20,833544444
EPWAZ	52,290386111	21,010869444
EPWAG	51,990702778	21,234702778
EPWAK	52,091291667	21,237377778
EPWAM	52,222725	21,249866667
EPKKO	50,2	19,883333333
EPRZY	50,065833333	21,927222222
EPRZW	50,064444444	21,731111111
EPWRZ	51,25	16,841666667
EPWSZ	51,25	16,841666667
EPDEG	51,481388889	21,911388889
EPDEN	51,586666667	21,938888889
EPCES	54,325277778	17,790555556
SC422	53,555361111	14,506055556
AEPBD	52,674916667	15,361666667
EPKSR	52,329444444	17,050833333
AEPAU	52,371388889	16,584722222
EPPLN	52,606347222	19,796055556
AEPBR	51,055541667	16,012636111
AEPLD	51,589633333	19,254338889
AEPGU	52,693361111	15,216444444
EPBKL	53,03	23,123611111
EPBKP	53,138888889	23,058333333
EPBKK	53,081944444	23,101666667
EPBKD	53,109722222	23,235833333
EPBKR	53,052222222	23,335555556
EPBKO	53,185277778	23,262222222
EPMRZ	50,977875	16,790761111
EPPGE	52,292777778	16,25
EPPGG	52,238333333	16,341111111
EPPGI	52,304166667	16,131388889
EPPGJ	52,205277778	16,206944444
EPPGN	52,265833333	16,26
EPPGR	52,138611111	16,265555556
EPPGS	52,2125	16,244166667
EPSUS	53,935780556	22,978688889
EPKSZ	52,166666667	17,166666667
EPWSO	51,298305556	16,909333333
EPPBO	52,673888889	17,152777778
EPTMJ	51,522222222	20,062777778
EPPLW	52,570775	19,611622222
EPPLE	52,505838889	19,836533333
EPWAD	52,343333333	21,227777778
EPWAF	52,260833333	20,735555556
EPWAJ	52,377777778	20,916666667
EPWAP	52,304722222	21,083888889
EPPWO	52,3475	17,835555556
EPKTI	50,15	19,633333333
AEPNC	52,573888889	20,871666667
AEPKC	50,084138889	19,991111111
AEPST	50,626388889	21,998888889
AEPAW	52,080563889	20,853388889
AEPPG	52,235091667	16,240975
AEPNB	52,065444444	20,030777778
AEPJD	50,612888889	19,297288889
EPDEM	51,523611111	22,315833333
AEPNI	50,372952778	19,420444444
AEPBX	52,006972222	23,085777778
SC522	53,471611111	15,120805556
SC521	53,526194444	15,015527778
SC531	53,644333333	14,786361111
SC412	53,69525	14,686444444
SC411	53,640972222	14,792638889
SC421	53,541083333	14,987333333
SC414	53,577916667	14,701388889
SC413	53,632083333	14,595222222
SC524	53,463361111	14,924111111
SC523	53,408833333	15,029333333
SC611	53,511944444	15,043083333
AEPGH	54,0349	21,799805556
AEPSS	50,817222222	16,582222222
SC612	53,57475	15,134694444
SC613	53,712666667	15,167861111
SC614	53,439972222	14,938527778
SC721	53,6465	14,782055556
SC722	53,574277778	14,677611111
SC723	53,439944444	14,9385
SC724	53,773916667	14,962444444
SC526	53,381527778	15,081861111
SC527	53,358611111	14,933861111
SC528	53,506916667	15,265111111
SC529	53,767722222	14,759833333
SC533	53,378638889	15,336722222
SC532	53,553305556	15,309055556
SC416	53,659166667	14,542055556
SC417	53,785444444	14,724722222
SC418	53,607527778	15,071416667
SC419	53,825805556	14,798027778
RZ633	50,281138889	22,069722222
RZ632	50,195111111	21,868694444
RZ601	50,111861111	21,866416667
RZ523	49,9385	21,675055556
RZ522	50,024722222	22,160666667
RZ513	50,24025	21,705722222
RZ512	50,191194444	22,1665
RZ501	50,107944444	22,163583333
RZ372	50,154916667	22,014277778
RZ374	50,112472222	21,815472222
RZ773	50,107555556	22,19075
RZ733	50,022166667	22,322
AEPSU	54,074083333	22,893611111
AEPMW	49,886111111	19,508055556
AEPDJ	52,362055556	21,266194444
AEPJE	53,908333333	22,234166667
AEPBS	50,838055556	16,515277778
AEPDZ	50,746388889	16,625555556
AEPDL	51,997666667	20,502583333
AEPHC	52,433611111	17,035277778
EPIRM	52,677222222	18,0075
EPIRP	52,833888889	18,653611111
EPIRR	52,631388889	18,535
EPIRZ	52,903333333	18,141111111
EPPWC	52,432222222	17,496944444
PO713	52,330033028	17,291341694
PO486	52,487513472	16,57947475
PO484	52,405966806	16,892829222
PO483	52,368584194	17,035038167
EPSUW	54,093352778	22,650675
EPSUN	54,169983333	22,931113889
EPSKL	54,425	17,007222222
EPSKK	54,368611111	17,023055556
EPSKD	54,375	17,151111111
EPWKE	52,533219444	19,137133333
EPWKN	52,657077778	19,1339
AEPSX	51,457666667	20,679805556
AEPCZ	50,306355556	19,1101
AEPBW	49,723055556	22,025277778
RZ533	50,266722222	22,376
RZ426	50,111888889	21,842027778
RZ421	50,113277778	21,693138889
RZ771	50,104861111	22,365194444
RZ392	50,108611111	22,134027778
RZ394	50,106444444	22,299194444
RZ436	50,112166667	21,842027778
RZ431	50,113611111	21,712583333
RZ751	50,230944444	22,479416667
RZ749	50,356388889	22,499361111
AEPMK	54,059472222	19,006222222
RZ739	49,976944444	22,941055556
RZ706	50,191111111	22,167111111
RZ492	50,030888889	21,710333333
RZ469	50,034472222	21,495083333
RZ468	50,281888889	21,257888889
RZ438	50,419888889	22,327027778
RZ413	50,114166667	21,585194444
RZ412	50,202111111	21,468222222
RZ411	50,304916667	21,336666667
RZ406	50,192777778	22,03275
RZ642	50,028638889	21,864138889
KT529	50,473388889	19,643138889
KT531	50,648138889	19,384861111
KT532	50,648944444	19,254194444
KT533	50,562388889	19,252777778
MO842	52,513361111	21,334694444
WA884	51,974472222	21,620111111
WA821	51,48175	20,799555556
KK832	50,581305556	19,924611111
KK833	50,835472222	19,916694444
KT534	50,561583333	19,383444444
KT542	50,560777778	19,514111111
KT764	50,466138889	18,767444444
KT586	50,461861111	19,389111111
KK556	50,189027778	19,935972222
EPBYL	52,951666667	17,920277778
EPBYP	53,156944444	17,888611111
EPBYR	53,153333333	18,001944444
KT783	50,386222222	19,354027778
KK834	50,307083333	19,161166667
KK838	49,860972222	20,028833333
EPWKW	52,603802778	18,886852778
EPWKS	52,474833333	18,884761111
WA441	52,133583333	21,066666667
PO482	52,335593583	17,159803667
PO481	52,30247125	17,28438325
PO414	52,375550361	17,147581333
PO413	52,445657444	16,66978075
PO412	52,464731306	16,537189167
PO411	52,483656361	16,404483333
PO711	52,47810025	16,529283806
EPRGA	50,08775	18,586888889
EPRGB	50,081805556	18,663277778
EPRGC	50,052805556	18,64525
EPSDA	53,400166667	14,57685
EPSDB	53,405847222	14,665266667
EPSDC	53,390397222	14,695291667
EPSDD	53,374413889	14,596808333
EPSDP	53,372527778	14,863597222
EPMRA	50,894438889	16,772719444
EPMRE	50,929797222	16,902947222
EPMRW	50,95495	16,617077778
EPKSM	52,233333333	16,833333333
KY15	52,4432625	16,581097222
KY10	52,40832	16,704644444
KY22	52,491964167	16,407804167
KS22	52,1542825	17,508915
KS15	52,2094	17,341931389
KS10	52,248624444	17,222404722
MO827	52,630888889	20,773027778
MO828	52,645055556	20,927138889
MO824	52,439333333	20,526027778
MO826	52,606333333	20,511
MO829	52,682972222	20,491333333
MO696	51,914722222	21,637222222
KT766	50,657222222	18,905194444
KT767	50,562861111	18,905555556
KT768	50,562722222	18,774861111
KT769	50,562611111	18,644166667
KT778	50,562472222	18,5135
KT779	50,475888889	18,513833333
KT784	50,388194444	19,128861111
KT786	50,389861111	18,90525
KT787	50,38975	18,775055556
KT788	50,389611111	18,644666667
KT502	50,715083333	19,819972222
KT503	50,646388889	19,646472222
KT504	50,647333333	19,515555556
KT506	50,747388889	18,824055556
KT507	50,54875	18,697166667
KT508	50,559916667	18,9325
KT509	50,563166667	19,122083333
KT514	50,285277778	20,182277778
KT516	50,298361111	19,961388889
KT517	50,30025	19,640305556
KT518	50,301055556	19,509861111
KT519	50,301638889	19,379666667
KT521	50,389333333	19,115694444
KT522	50,388944444	19,245916667
KT523	50,388222222	19,381083333
KT524	50,387638889	19,511277778
KT526	50,386833333	19,641722222
KK841	49,745111111	19,565472222
KK843	49,691444444	20,2665
KK844	49,600083333	20,393611111
KK631	50,555166667	19,81675
KK607	50,077361111	19,141694444
KK627	49,868805556	19,194972222
KK628	49,724472222	19,518333333
KK632	50,216972222	18,726888889
KK566	49,890166667	19,280194444
KK567	49,783861111	19,719361111
KK568	50,007055556	19,889277778
KK571	50,16825	19,7865
KK572	50,223416667	19,546194444
KK573	50,138888889	19,575333333
KK574	50,120805556	19,448916667
KK576	50,10275	19,322527778
KK577	50,084694444	19,196194444
KK578	49,998527778	19,225777778
KK579	49,966527778	19,633361111
KK581	49,917944444	18,792083333
KK582	49,844222222	19,410944444
KK583	49,862277778	19,536861111
KK584	49,880361111	19,662888889
KK586	49,948472222	19,507388889
KK587	49,930388889	19,381472222
KK552	50,154583333	19,682333333
KK539	49,954833333	18,805833333
KK541	49,851916667	20,041138889
KK542	49,956555556	19,769472222
KT536	50,475472222	19,259638889
KT771	50,470972222	18,897666667
KT571	50,468722222	19,259111111
KT736	50,476277778	18,897333333
KT417	50,473861111	19,575055556
KK543	50,016333333	19,993027778
KK544	50,033583333	20,119444444
KK547	50,050777778	20,246166667
KK553	50,171805556	19,809138889
KK554	50,275388889	19,907583333
KK557	50,189027778	19,935972222
KK558	50,206277778	20,062833333
KK559	50,223472222	20,189555556
KK561	50,240583333	20,316333333
KK562	50,15425	20,344694444
KK362	50,103666667	19,972166667
KK387	50,044333333	19,467416667
KK388	50,057305556	19,595138889
KK384	50,134277778	20,0935
KK392	50,110888889	19,969222222
KK396	50,020361111	19,495638889
KK591	50,051388889	19,59675
KK548	50,032777778	19,465444444
KK549	50,178	19,343
KT654	50,720638889	19,0405
KT674	50,078027778	19,459166667
KT672	50,339	18,476861111
KT742	50,17375	18,59975
KT751	50,303277778	18,905583333
KT753	50,150444444	19,658805556
KT761	50,383805556	19,579194444
KT741	50,656166667	18,5595
AEPDS	50,796083333	16,115361111
AEPGS	51,875486111	20,937738889
KT763	50,562416667	19,132055556
AEPLI	54,008055556	18,5
AEPCT	51,64905	18,562333333
AEPBH	53,21025	18,101652778
EPSSZ	50,873055556	16,613055556
EPSSL	50,756944444	16,539722222
EPSSK	50,811666667	16,641388889
EPSSJ	50,8175	16,497222222
AEPZT	49,96	19,403611111
AEPCM	52,165	16,764166667
AEPRD	54,133722222	21,598611111
AEPZI	53,188611111	18,961388889
EPBAA	49,848333333	19,030277778
EPBAB	49,805277778	18,891388889
EPBAC	49,785833333	19,067777778
EPCDN	51,167777778	23,35
EPKTG	50,403611111	19,055
EPKTT	50,353888889	18,866388889
EPKTH	50,318055556	19,237222222
EPKKB	50,264722222	19,434722222
EPKTB	50,264722222	19,434722222
EPKKH	50,318055556	19,237222222
EPKMS	50,1325	19,025
EPKMB	50,264722222	19,434722222
EPKMM	50,178888889	18,906944444
EPKMG	50,403611111	19,055
EPKMH	50,318055556	19,237222222
EPKMP	50,394722222	18,629166667
EPKMT	50,353888889	18,866388889
EPGLB	50,264722222	19,434722222
EPGLG	50,403611111	19,055
EPGLH	50,318055556	19,237222222
EPGLM	50,178888889	18,906944444
EPGLP	50,394722222	18,629166667
EPGLS	50,1325	19,025
EPGLT	50,353888889	18,866388889
EPCDM	51,146111111	23,438055556